<?xml version="1.0" encoding="UTF-8"?>
<svg xmlns="http://www.w3.org/2000/svg" viewBox="0 0 512 512" width="512" height="512">
  <path d="M 318.9 138.2
           C 337.1 140.7, 343.9 122.6, 347.8 144.8
           C 351.7 167.0, 343.5 179.0, 334.5 216.0
           C 325.5 253.0, 337.0 239.0, 320.0 271.5
           C 303.0 304.0, 300.0 288.0, 274.0 321.0
           C 248.0 354.0, 252.0 362.0, 231.0 378.5
           C 210.0 395.0, 221.0 378.0, 203.5 379.5
           C 186.0 381.0, 184.0 393.0, 174.0 383.0
           C 164.0 373.0, 165.0 375.0, 170.5 342.5
           C 176.0 310.0, 180.0 311.0, 194.5 273.0
           C 209.0 235.0, 202.0 249.0, 216.0 216.0
           C 230.0 183.0, 221.0 186.0, 242.0 161.5
           C 263.0 137.0, 263.0 142.0, 286.0 135.0
           C 309.0 128.0, 300.8 135.8, 318.9 138.2 Z"
        fill="none"
        stroke="#000000"
        stroke-width="0.6mm" />
</svg>